33.763,21.48,-0.0893,1
33.822,21.463,-0.0616,1
33.881,21.446,-0.0885,1
33.939,21.429,-0.0574,1
33.998,21.411,-0.0899,1
34.057,21.394,-0.0562,1
34.115,21.377,-0.0775,1
35.405,20.996,0.039,1
35.463,20.978,0.021,1
35.522,20.961,0.0314,1
35.581,20.943,0.0526,1
35.639,20.925,0.0576,1
35.698,20.908,0.0551,1
35.756,20.89,0.0524,1
37.103,20.479,-0.0032,1
37.162,20.46,-0.0234,1
37.22,20.442,-0.0142,1
37.279,20.424,-0.0194,1
37.337,20.406,0.0014,1
37.396,20.388,0.0287,1
38.8,19.943,0.0266,1
38.858,19.924,-0.0302,1
38.917,19.906,0.0217,1
38.975,19.887,0.0128,1
39.034,19.868,0.0204,1
44.577,-7.3011,0.1045,1
44.636,-7.3228,0.1191,1
44.694,-7.3445,0.1036,1
44.752,-7.3662,0.1044,1
44.81,-7.388,0.1009,1
44.868,-7.4098,0.0915,1
44.926,-7.4317,0.0878,1
46.205,-7.9217,0.1154,1
46.263,-7.9444,0.0946,1
46.321,-7.9671,0.0895,1
46.379,-7.9899,0.0638,1
32.276,28.416,0.0587,1
32.335,28.4,0.0877,1
32.394,28.383,0.1249,1
32.452,28.366,0.1306,1
32.511,28.35,0.1629,1
32.57,28.333,0.1394,1
32.629,28.316,0.1296,1
33.919,27.945,-0.0173,1
33.978,27.928,0.0071,1
34.037,27.911,-0.0438,1
34.095,27.894,-0.0237,1
34.154,27.876,-0.015,1
34.213,27.859,0.0156,1
34.271,27.842,0.0047,1
35.561,27.46,-0.0134,1
35.619,27.442,0.0628,1
35.678,27.424,0.0645,1
35.737,27.407,0.0843,1
35.795,27.389,0.0792,1
35.854,27.371,0.0586,1
35.912,27.354,0.0659,1
37.201,26.959,0.0957,1
37.259,26.941,0.0867,1
37.318,26.922,0.1058,1
37.376,26.904,0.0888,1
37.435,26.886,0.1042,1
37.493,26.868,0.0811,1
37.552,26.849,0.0966,1
36.661,1.8782,0.0093,1
36.719,1.8602,0.0236,1
36.778,1.8422,-0.0278,1
36.837,1.8242,-0.1048,1
36.895,1.8061,-0.0941,1
38.241,1.3849,-0.0749,1
38.3,1.3664,-0.027,1
38.358,1.3478,-0.0217,1
38.417,1.3291,-0.0202,1
38.475,1.3105,-0.0327,1
38.534,1.2918,0.0006,1
39.878,0.85562,-0.0289,1
39.936,0.83636,-0.0672,1
39.995,0.81707,-0.0784,1
40.053,0.79775,-0.0647,1
40.112,0.77841,-0.0496,1
40.17,0.75905,-0.0566,1
36.29,35.753,0.2126,1
36.232,35.736,0.1649,1
36.173,35.718,0.1341,1
36.115,35.7,0.0842,1
36.056,35.682,0.0446,1
35.998,35.665,0.0471,1
34.65,35.262,0.1044,1
34.591,35.244,0.1631,1
34.532,35.227,0.1441,1
34.474,35.21,0.159,1
34.415,35.192,0.1143,1
34.357,35.175,0.1547,1
33.007,34.784,0.0664,1
32.949,34.767,0.1101,1
32.89,34.751,0.0947,1
32.831,34.734,0.084,1
32.773,34.717,0.1117,1
32.714,34.7,0.0744,1
45.119,13.489,-0.0062,1
45.061,13.467,-0.0478,1
45.003,13.445,-0.0193,1
44.944,13.423,-0.0041,1
44.886,13.402,-0.0186,1
40.281,11.776,-0.0438,1
40.223,11.757,0.0093,1
40.164,11.737,-0.0228,1
40.106,11.718,-0.0728,1
40.048,11.699,0.0211,1
39.989,11.679,-0.0637,1
39.931,11.66,-0.0633,1
38.645,11.242,-0.0639,1
38.586,11.223,-0.0426,1
38.528,11.205,-0.0501,1
38.47,11.186,-0.0703,1
38.411,11.167,-0.0527,1
38.353,11.149,-0.0374,1
38.294,11.13,-0.0552,1
32.896,34.784,0.0903,1
32.954,34.767,0.0442,1
33.013,34.75,0.0851,1
33.072,34.733,0.0685,1
33.131,34.717,0.0593,1
33.189,34.7,0.0455,1
34.538,34.307,0.174,1
34.597,34.29,0.1849,1
34.656,34.273,0.1609,1
34.714,34.255,0.1309,1
34.773,34.238,0.122,1
34.831,34.221,0.108,1
34.89,34.203,0.0504,1
42.783,31.655,0.0213,1
42.841,31.634,0.0255,1
42.899,31.614,0.0146,1
42.958,31.593,0.0282,1
43.016,31.572,0.018,1
43.074,31.551,0.0632,1
44.414,31.064,0.0967,1
44.472,31.043,0.0724,1
44.53,31.021,0.0736,1
44.588,31,0.0787,1
44.646,30.978,0.112,1
44.705,30.956,0.117,1
37.161,8.2674,0.1626,1
37.219,8.2492,0.0824,1
37.278,8.231,0.0358,1
37.336,8.2128,0.0753,1
37.395,8.1946,0.0967,1
37.453,8.1763,0.0801,1
37.512,8.158,0.0853,1
38.799,7.7502,0.01,1
38.857,7.7314,-0.073,1
38.916,7.7126,-0.0249,1
38.974,7.6937,0.0024,1
39.033,7.6748,-0.0401,1
39.091,7.6559,-0.058,1
39.149,7.637,-0.0618,1
40.435,7.2143,-0.1002,1
40.493,7.1948,-0.1235,1
40.552,7.1752,-0.1211,1
40.61,7.1557,-0.1254,1
40.668,7.1361,-0.126,1
40.727,7.1165,-0.1348,1
40.785,7.0968,-0.1575,1
42.127,6.6373,-0.1668,1
42.186,6.617,-0.0964,1
42.244,6.5966,-0.1013,1
42.302,6.5762,-0.0597,1
42.361,6.5558,-0.1147,1
42.419,6.5354,-0.0535,1
41.301,18.663,0.1396,1
41.242,18.643,0.1469,1
41.184,18.623,0.1545,1
41.126,18.603,0.1494,1
41.067,18.583,0.1592,1
41.009,18.564,0.1096,1
39.666,18.116,0.0426,1
39.607,18.097,0.0334,1
39.549,18.078,0.0396,1
39.49,18.059,0.0502,1
39.432,18.04,0.0623,1
39.373,18.021,0.057,1
39.315,18.002,0.1008,1
38.029,17.589,0.0046,1
37.97,17.571,0.0293,1
37.912,17.553,0.0117,1
37.853,17.534,-0.0171,1
37.794,17.516,-0.0071,1
37.736,17.497,-0.0077,1
37.677,17.479,0.0219,1
36.39,17.08,0.0301,1
36.331,17.063,0.0457,1
36.273,17.045,0.0347,1
36.214,17.027,0.002,1
36.155,17.009,-0.0126,1
36.097,16.991,0.0156,1
36.038,16.974,0.0274,1
34.749,16.588,0.081,1
34.69,16.57,0.1264,1
34.632,16.553,0.0645,1
34.573,16.536,0.0869,1
34.515,16.518,0.0887,1
34.456,16.501,0.103,1
34.397,16.484,0.0583,1
33.048,16.092,0.0706,1
32.99,16.076,0.0382,1
32.931,16.059,0.0242,1
32.872,16.042,0.0162,1
32.814,16.025,0.0039,1
32.755,16.009,0.0226,1
46.901,-4.5214,0.0059,1
46.843,-4.5446,-0.0181,1
46.785,-4.5677,-0.0241,1
46.727,-4.5907,0.0197,1
46.669,-4.6138,-0.0315,1
46.611,-4.6368,-0.0267,1
46.553,-4.6597,0.0011,1
45.216,-5.1768,0.0967,1
45.158,-5.1988,0.0607,1
45.1,-5.2208,0.0681,1
45.042,-5.2428,0.0426,1
44.984,-5.2647,0.1163,1
44.926,-5.2866,0.0844,1
32.854,16.092,0.0351,1
32.913,16.075,-0.0111,1
32.971,16.058,0.0217,1
33.03,16.041,0.1046,1
33.089,16.025,0.0941,1
33.147,16.008,0.1086,1
34.496,15.616,0.0038,1
34.555,15.598,-0.0047,1
34.614,15.581,0.0208,1
34.672,15.564,0.0473,1
34.731,15.546,0.001,1
34.79,15.529,0.0278,1
36.137,15.125,0.0465,1
36.196,15.107,0.0418,1
36.255,15.089,0.0359,1
36.313,15.072,0.0492,1
36.372,15.054,0.0248,1
36.43,15.036,0.0455,1
39.414,14.095,-0.0049,1
39.473,14.076,-0.0329,1
39.531,14.056,-0.0563,1
39.589,14.037,-0.0204,1
39.648,14.018,-0.0185,1
39.706,13.999,-0.0376,1
39.765,13.98,-0.0417,1
40.688,24.999,0.1139,1
40.63,24.979,0.1026,1
40.571,24.96,0.0875,1
40.513,24.94,0.0992,1
40.454,24.921,0.0912,1
40.396,24.901,0.1196,1
39.052,24.46,0.0877,1
38.994,24.441,0.0647,1
38.935,24.422,0.0128,1
38.877,24.403,0.1481,1
38.818,24.384,0.1718,1
38.76,24.366,0.1111,1
37.414,23.94,0.0697,1
37.356,23.922,0.0925,1
37.297,23.903,0.0631,1
37.239,23.885,0.0451,1
37.18,23.867,0.0606,1
37.122,23.849,0.035,1
37.063,23.831,0.0405,1
35.775,23.437,0.1197,1
35.716,23.42,0.1114,1
35.658,23.402,0.1119,1
35.599,23.384,0.0831,1
35.54,23.367,0.0783,1
35.482,23.349,0.0741,1
35.423,23.332,0.0796,1
34.134,22.95,0.0463,1
34.075,22.933,0.0778,1
34.016,22.916,0.0897,1
33.958,22.899,0.0709,1
33.899,22.882,0.0628,1
33.84,22.864,0.0718,1
33.782,22.847,0.1332,1
36.432,-1.6097,-0.117,1
36.374,-1.6276,-0.1449,1
36.315,-1.6455,-0.1314,1
36.257,-1.6633,-0.1667,1
36.198,-1.6812,-0.0805,1
36.14,-1.699,-0.0586,1
36.081,-1.7168,-0.0543,1
33.472,22.458,0.0295,1
33.53,22.441,0.0071,1
33.589,22.424,0.0206,1
33.648,22.407,0.0041,1
33.706,22.39,0.0388,1
33.765,22.373,0.033,1
35.113,21.976,0.0479,1
35.172,21.959,0.0219,1
35.231,21.942,0.0096,1
35.289,21.924,0.0021,1
35.348,21.907,0.0374,1
35.406,21.889,0.0051,1
36.754,21.48,0.0898,1
36.812,21.462,0.0756,1
36.871,21.444,0.0891,1
36.929,21.426,0.0935,1
36.988,21.408,0.0663,1
37.046,21.39,0.0736,1
36.097,-3.5662,-0.1428,1
36.156,-3.584,-0.2079,1
36.214,-3.6018,-0.1592,1
36.273,-3.6196,-0.1533,1
36.332,-3.6375,-0.1277,1
36.39,-3.6554,-0.1298,1
44.274,-6.2919,0.0187,1
44.332,-6.3134,0.0439,1
44.39,-6.3349,0.0094,1
44.449,-6.3565,0.0572,1
44.507,-6.3781,0.0201,1
44.565,-6.3997,0.0543,1
44.623,-6.4214,-0.0185,1
45.902,-6.9072,0.0854,1
45.961,-6.9297,0.0472,1
46.019,-6.9522,0.0212,1
46.077,-6.9748,0.0386,1
46.135,-6.9975,0.0045,1
46.193,-7.0201,0.0408,1
46.251,-7.0428,0.0101,1
47.586,-7.5761,-0.1066,1
47.644,-7.5998,-0.0212,1
47.702,-7.6235,-0.0349,1
47.76,-7.6473,-0.0565,1
47.818,-7.6711,-0.0761,1
45.028,33.085,0.0567,1
44.97,33.063,0.0887,1
44.912,33.041,0.0562,1
44.854,33.019,0.0708,1
44.796,32.997,0.0893,1
44.737,32.976,0.0921,1
44.679,32.954,0.1404,1
43.398,32.484,0.0234,1
43.34,32.463,0.0134,1
43.282,32.442,0.0281,1
43.224,32.422,-0.0085,1
43.165,32.401,0.0297,1
43.107,32.38,0.0135,1
43.049,32.359,0.0117,1
35.158,29.796,0.1818,1
35.1,29.778,0.1664,1
35.041,29.761,0.1348,1
34.982,29.743,0.1507,1
34.924,29.726,0.1192,1
34.865,29.709,0.1281,1
34.807,29.691,0.1497,1
33.516,29.314,-0.0191,1
33.458,29.297,0.0027,1
33.399,29.28,0.0029,1
33.34,29.263,-0.0205,1
33.282,29.246,-0.0583,1
33.223,29.229,-0.0712,1
33.164,29.212,-0.0395,1
31.873,28.846,0.0629,1
31.815,28.829,0.0457,1
31.756,28.813,0.0833,1
31.697,28.796,0.0361,1
31.638,28.78,0.0629,1
31.58,28.763,0.0653,1
31.521,28.747,0.091,1
42.421,6.8905,-0.0334,1
42.363,6.87,0.0364,1
42.305,6.8496,0.0091,1
42.246,6.8292,-0.062,1
42.188,6.8089,-0.0365,1
42.13,6.7886,-0.0683,1
42.071,6.7683,-0.0085,1
40.729,6.3094,0.0081,1
40.671,6.2898,0.0801,1
40.613,6.2702,0.0351,1
40.554,6.2506,0.065,1
40.496,6.2311,0.0406,1
40.437,6.2116,0.0539,1
39.094,5.7699,-0.039,1
39.035,5.751,-0.0529,1
38.977,5.7322,-0.0779,1
38.918,5.7133,-0.0647,1
38.86,5.6945,-0.1045,1
38.801,5.6757,-0.1082,1
37.456,5.2495,0.0061,1
37.397,5.2313,0.0148,1
37.339,5.2131,-0.0274,1
37.28,5.1948,-0.0148,1
37.222,5.1766,-0.0321,1
37.163,5.1585,-0.015,1
32.388,29.311,0.0476,1
32.447,29.295,0.0687,1
32.506,29.278,0.0686,1
32.564,29.261,0.0534,1
32.623,29.245,0.061,1
32.682,29.228,0.0732,1
32.74,29.211,0.0457,1
34.031,28.839,0.0454,1
34.09,28.822,0.0197,1
34.148,28.805,0.0358,1
34.207,28.788,0.0607,1
34.266,28.77,0.0705,1
34.324,28.753,0.0802,1
34.383,28.736,0.0912,1
35.672,28.353,0.1353,1
35.731,28.335,0.1199,1
35.79,28.317,0.1265,1
35.848,28.3,0.1213,1
35.907,28.282,0.1087,1
35.965,28.264,0.107,1
36.024,28.247,0.0663,1
38.352,2.2763,-0.0345,1
38.411,2.2577,-0.0459,1
38.469,2.239,-0.0537,1
38.528,2.2204,-0.0407,1
38.586,2.2017,-0.0038,1
38.645,2.1829,-0.0925,1
39.989,1.7457,-0.0341,1
40.048,1.7264,0.0066,1
40.106,1.707,-0.0114,1
40.164,1.6877,-0.0482,1
40.223,1.6683,-0.0513,1
40.281,1.6489,-0.0393,1
40.171,12.666,0.0194,1
40.113,12.647,0.0819,1
40.054,12.627,0.0627,1
39.996,12.608,0.0562,1
39.937,12.589,0.079,1
39.879,12.569,0.0926,1
39.82,12.55,0.0742,1
38.476,12.115,-0.0139,1
38.418,12.096,0.0158,1
38.359,12.077,0.0063,1
38.301,12.059,0.0099,1
38.242,12.04,0.0258,1
38.184,12.022,0.0148,1
36.838,11.601,0.0786,1
36.779,11.583,0.0588,1
36.721,11.565,0.0605,1
36.662,11.547,0.0945,1
36.603,11.529,0.0376,1
36.545,11.511,0.0685,1
34.657,35.199,0.2484,1
34.716,35.182,0.2111,1
34.774,35.164,0.205,1
34.833,35.147,0.1841,1
34.891,35.13,0.1595,1
34.95,35.112,0.1439,1
35.009,35.095,0.0902,1
36.298,34.707,0.1085,1
36.356,34.689,0.1289,1
36.415,34.671,0.1388,1
36.473,34.653,0.1205,1
36.532,34.635,0.0901,1
36.591,34.617,0.1066,1
36.649,34.599,0.1247,1
42.901,32.54,0.0386,1
42.959,32.519,0.0313,1
43.017,32.498,0.0375,1
43.075,32.477,0.0217,1
43.134,32.457,0.046,1
43.192,32.436,0.0381,1
44.531,31.947,0.1219,1
44.589,31.926,0.1574,1
44.648,31.904,0.1555,1
44.706,31.882,0.1015,1
44.764,31.86,0.0577,1
44.822,31.839,0.036,1
44.88,31.817,0.09,1
46.159,31.327,0.0581,1
46.217,31.305,0.0428,1
46.276,31.282,0.0637,1
46.334,31.259,0.0403,1
46.392,31.236,0.0303,1
46.45,31.214,0.0409,1
46.508,31.191,0.0621,1
37.281,9.1567,0.062,1
37.339,9.1385,0.1516,1
37.398,9.1203,0.1457,1
37.456,9.102,0.1771,1
37.515,9.0838,0.1659,1
37.573,9.0654,0.174,1
37.632,9.0471,0.1103,1
40.613,8.0812,0.0109,1
40.672,8.0617,0.0583,1
40.73,8.042,0.0911,1
40.788,8.0224,0.0246,1
40.847,8.0027,0.0171,1
40.905,7.983,0.0131,1
42.247,7.5221,-0.0208,1
42.305,7.5017,-0.0075,1
42.364,7.4813,0.017,1
42.422,7.4609,-0.0292,1
42.48,7.4404,-0.0239,1
42.539,7.4199,-0.0424,1
39.533,19.001,0.082,1
39.475,18.982,0.098,1
39.416,18.963,0.1125,1
39.358,18.944,0.1069,1
39.3,18.925,0.1015,1
39.241,18.906,0.0931,1
39.183,18.887,0.1058,1
37.896,18.476,0.0586,1
37.838,18.458,0.0469,1
37.779,18.439,0.0401,1
37.721,18.421,0.0531,1
37.662,18.403,0.0728,1
37.604,18.384,0.0594,1
37.545,18.366,0.0748,1
36.199,17.951,-0.0124,1
36.14,17.933,0.0376,1
36.081,17.915,0.0191,1
36.023,17.897,0.0376,1
35.964,17.88,0.0257,1
35.906,17.862,0.0226,1
34.558,17.46,-0.1068,1
34.499,17.442,0.021,1
34.441,17.425,-0.0462,1
34.382,17.408,-0.0199,1
34.323,17.391,-0.0353,1
34.265,17.373,0.0156,1
32.915,16.983,0.1387,1
32.857,16.966,0.1081,1
32.798,16.949,0.1545,1
32.739,16.933,0.1764,1
32.681,16.916,0.1412,1
32.622,16.899,0.1752,1
46.71,-3.6688,0.1046,1
46.652,-3.6918,0.0874,1
46.594,-3.7148,0.0991,1
46.536,-3.7377,0.0959,1
46.478,-3.7606,0.046,1
46.42,-3.7834,0.1277,1
45.083,-4.2985,0.0698,1
45.025,-4.3205,0.0763,1
44.967,-4.3424,0.137,1
44.909,-4.3643,0.1015,1
44.85,-4.3861,0.1205,1
44.792,-4.4079,0.1157,1
31.356,17.443,0.0837,1
31.415,17.427,0.1279,1
31.474,17.411,0.1039,1
31.532,17.394,0.086,1
31.591,17.378,0.0477,1
31.65,17.361,0.0517,1
33,16.979,0.1264,1
33.059,16.962,0.1221,1
33.117,16.945,0.078,1
33.176,16.928,0.1,1
33.235,16.912,0.1,1
33.293,16.895,0.0587,1
34.642,16.501,0.0685,1
34.701,16.484,0.0733,1
34.76,16.467,0.0578,1
34.818,16.449,0.0361,1
34.877,16.432,0.0282,1
34.936,16.415,-0.0195,1
36.283,16.01,0.0173,1
36.342,15.992,0.0165,1
36.4,15.974,0.0397,1
36.459,15.956,0.0771,1
36.517,15.938,0.0395,1
36.576,15.92,0.0311,1
36.635,15.902,0.079,1
39.56,14.976,0.008,1
39.618,14.957,-0.0082,1
39.676,14.938,0.007,1
39.735,14.919,0.0191,1
39.793,14.899,0.0348,1
39.852,14.88,0.0133,1
39.91,14.861,0.0436,1
44.517,13.251,0.0083,1
44.575,13.229,0.0027,1
44.633,13.207,0.0179,1
44.691,13.186,0.0021,1
44.75,13.164,0.0131,1
44.808,13.142,-0.0149,1
40.53,25.876,0.0085,1
40.472,25.856,0.1685,1
40.413,25.837,0.1057,1
40.355,25.817,0.0986,1
40.297,25.798,0.1133,1
38.894,25.339,0.1409,1
38.836,25.32,0.1272,1
38.777,25.301,0.1303,1
38.719,25.282,0.1273,1
38.66,25.264,0.128,1
38.602,25.245,0.1697,1
38.543,25.226,0.0974,1
37.256,24.821,0.1663,1
37.198,24.802,0.1397,1
37.139,24.784,0.1103,1
37.081,24.766,0.1267,1
37.022,24.748,0.1168,1
33.975,23.834,0.0676,1
33.917,23.816,0.0326,1
33.858,23.799,0.0381,1
33.799,23.782,0.0279,1
33.741,23.765,0.0371,1
33.682,23.748,0.0376,1
33.623,23.731,-0.028,1
39.549,0.30469,0.0542,1
39.49,0.2856,0.0703,1
39.432,0.26653,0.0444,1
39.373,0.24749,0.0253,1
39.315,0.22847,0.0041,1
39.256,0.20947,0.0412,1
39.198,0.1905,0.005,1
37.911,-0.22082,0.0089,1
37.853,-0.23925,0.0349,1
37.794,-0.25766,0.0501,1
37.736,-0.27604,0.0527,1
37.677,-0.29441,0.0337,1
37.619,-0.31275,0.0248,1
37.56,-0.33107,0.0212,1
36.272,-0.72863,-0.0602,1
36.214,-0.74646,-0.0198,1
36.155,-0.76427,-0.0122,1
36.097,-0.78206,0.0612,1
36.038,-0.79983,0.1192,1
35.98,-0.81758,0.0815,1
35.921,-0.83531,0.0991,1
33.644,23.339,0.0119,1
33.702,23.322,0.0004,1
33.761,23.305,0.0246,1
33.82,23.288,0.0403,1
33.878,23.271,0.0617,1
33.937,23.254,0.0589,1
35.286,22.856,0.0199,1
35.344,22.839,0.0546,1
35.403,22.821,0.0404,1
35.461,22.804,0.0956,1
35.52,22.786,0.0736,1
35.579,22.768,0.0794,1
36.271,-2.6878,-0.1231,1
36.33,-2.7057,-0.048,1
36.388,-2.7236,-0.0515,1
36.447,-2.7414,-0.222,1
36.505,-2.7594,-0.0503,1
36.564,-2.7773,-0.0756,1
44.505,-5.446,0.1333,1
44.563,-5.4677,0.0141,1
44.621,-5.4893,0.0455,1
44.679,-5.511,0.0129,1
44.738,-5.5328,0.09,1
46.133,-6.0654,0.0649,1
46.191,-6.088,0.0689,1
46.249,-6.1107,0.0729,1
46.307,-6.1335,-0.0014,1
46.365,-6.1563,0.0782,1
46.423,-6.1791,-0.0383,1
47.758,-6.7151,-0.0391,1
47.816,-6.739,-0.0369,1
47.874,-6.7628,-0.0523,1
47.932,-6.7867,-0.0162,1
47.99,-6.8107,-0.0224,1
43.156,33.329,0.1099,1
43.098,33.308,0.0924,1
43.04,33.287,0.0787,1
42.981,33.266,0.1,1
42.923,33.246,0.1149,1
42.865,33.225,0.1102,1
36.613,31.167,0.1023,1
36.555,31.149,0.0707,1
36.496,31.131,0.0904,1
36.438,31.113,0.1222,1
36.379,31.095,0.1355,1
36.321,31.077,0.0929,1
36.262,31.06,0.1493,1
34.973,30.672,0.112,1
34.914,30.655,0.104,1
34.856,30.637,0.0858,1
34.797,30.62,0.1081,1
34.739,30.603,0.1105,1
34.68,30.585,0.0955,1
34.621,30.568,0.0282,1
33.331,30.192,0.1188,1
33.272,30.175,0.0871,1
33.214,30.158,0.0599,1
33.155,30.141,0.0762,1
33.096,30.124,0.0588,1
33.038,30.108,0.0182,1
32.979,30.091,0.014,1
31.688,29.725,0.0143,1
31.629,29.709,0.0255,1
31.57,29.692,0.0596,1
31.512,29.676,0.0285,1
31.453,29.659,0.02,1
31.394,29.643,0.0161,1
31.335,29.627,0.0105,1
43.867,8.339,0.0187,1
43.809,8.3177,0.0287,1
43.75,8.2966,-0.0116,1
43.692,8.2754,0.0173,1
43.634,8.2543,0.0072,1
43.576,8.2332,-0.0116,1
43.517,8.2121,-0.0101,1
42.177,7.7364,0.0038,1
42.119,7.7161,0.0085,1
42.06,7.6958,-0.0288,1
42.002,7.6755,-0.0027,1
41.944,7.6553,-0.0077,1
41.885,7.6351,-0.0002,1
40.543,7.1783,-0.0511,1
40.485,7.1588,-0.0403,1
40.426,7.1393,0.0008,1
40.368,7.1198,-0.0363,1
40.309,7.1004,-0.0128,1
40.251,7.0809,-0.012,1
38.907,6.6412,0.0211,1
38.849,6.6223,-0.0002,1
38.79,6.6035,0.0015,1
38.732,6.5848,0.0211,1
38.673,6.566,0.0025,1
38.615,6.5473,0.0278,1
37.269,6.1228,0.0704,1
37.211,6.1047,0.0822,1
37.152,6.0865,0.0935,1
37.094,6.0684,0.1326,1
37.035,6.0502,0.0986,1
36.976,6.0321,0.1792,1
32.587,30.188,0.1155,1
32.646,30.171,0.1164,1
32.705,30.155,0.0949,1
32.764,30.138,0.0713,1
32.822,30.121,0.0791,1
32.881,30.105,0.0456,1
32.94,30.088,0.0553,1
34.289,29.697,0.147,1
34.347,29.68,0.1503,1
34.406,29.663,0.1126,1
34.465,29.645,0.1222,1
34.523,29.628,0.1336,1
34.582,29.611,0.1627,1
35.93,29.208,0.0886,1
35.988,29.191,0.1221,1
36.047,29.173,0.0965,1
36.106,29.155,0.1043,1
36.164,29.137,0.1258,1
36.223,29.12,0.1269,1
36.973,3.6424,0.111,1
37.031,3.6243,0.2025,1
37.09,3.6062,0.1636,1
37.148,3.588,0.1158,1
37.207,3.5699,0.1028,1
38.553,3.146,0.0047,1
38.611,3.1273,-0.0534,1
38.67,3.1085,-0.1337,1
38.728,3.0898,-0.0886,1
38.786,3.071,-0.0524,1
38.845,3.0522,-0.0407,1
40.189,2.613,-0.0232,1
40.248,2.5936,-0.0341,1
40.306,2.5742,-0.0554,1
40.364,2.5547,-0.0441,1
40.423,2.5353,-0.0559,1
40.481,2.5158,-0.0582,1
40.54,2.4962,-0.0824,1
43.225,14.652,0.1109,1
43.167,14.631,0.0996,1
43.109,14.61,0.0966,1
43.05,14.589,0.087,1
42.992,14.568,0.1106,1
42.934,14.548,0.1018,1
42.876,14.527,0.1075,1
39.9,13.509,-0.053,1
39.841,13.49,-0.0313,1
39.783,13.471,-0.0288,1
39.724,13.452,-0.0245,1
39.666,13.433,-0.0091,1
39.608,13.413,-0.0269,1
36.624,12.469,0.0417,1
36.566,12.451,0.0266,1
36.507,12.433,0.0492,1
36.449,12.415,0.0298,1
36.39,12.397,0.0124,1
36.332,12.379,-0.0198,1
34.984,11.974,0.1073,1
34.925,11.956,0.0994,1
34.867,11.939,0.1076,1
34.808,11.921,0.0928,1
34.749,11.904,0.0661,1
34.691,11.887,0.0901,1
34.632,11.869,0.0861,1
43.118,33.399,0.1169,1
43.176,33.378,0.0865,1
43.235,33.357,0.1115,1
43.293,33.336,0.0677,1
43.351,33.315,0.0557,1
43.409,33.294,0.0716,1
43.468,33.273,0.0594,1
44.748,32.803,0.0636,1
44.807,32.781,0.0341,1
44.865,32.759,0.0623,1
44.923,32.737,0.0775,1
44.981,32.715,0.0659,1
45.039,32.693,0.1175,1
45.097,32.672,0.1248,1
34.218,11.016,0.0431,1
34.277,10.999,0.0272,1
34.335,10.982,0.043,1
34.394,10.965,0.0269,1
34.453,10.947,0.0252,1
34.511,10.93,0.0116,1
34.57,10.913,-0.042,1
37.557,10.006,0.0021,1
37.616,9.988,-0.0141,1
37.674,9.9697,-0.0427,1
37.733,9.9513,-0.0364,1
37.792,9.9329,-0.0385,1
37.85,9.9145,-0.0241,1
42.465,8.3822,-0.0202,1
42.523,8.3617,-0.0299,1
42.581,8.3412,0.0074,1
42.639,8.3206,0.01,1
42.698,8.3,0.0103,1
42.756,8.2794,-0.0218,1
42.814,8.2588,-0.0148,1
39.316,19.863,0.1562,1
39.258,19.844,0.0947,1
39.199,19.825,0.1043,1
39.141,19.806,0.0617,1
39.082,19.787,0.0932,1
39.024,19.768,0.1192,1
38.965,19.75,0.1547,1
37.62,19.322,0.021,1
37.561,19.304,0.0085,1
37.503,19.285,0.01,1
37.444,19.267,0.0357,1
37.386,19.249,-0.0037,1
37.327,19.231,0.015,1
35.981,18.817,0.0922,1
35.922,18.8,0.0826,1
35.864,18.782,0.059,1
35.805,18.764,0.0574,1
35.746,18.747,0.0194,1
35.688,18.729,0.086,1
34.34,18.328,0.0488,1
34.281,18.311,0.0806,1
34.222,18.294,0.0566,1
34.164,18.277,0.0394,1
34.105,18.26,0.0561,1
34.047,18.243,0.0375,1
32.697,17.853,0.0816,1
32.639,17.837,0.0793,1
32.58,17.82,0.0678,1
32.521,17.803,0.086,1
32.462,17.787,0.0941,1
32.404,17.77,0.0961,1
46.494,-2.8221,-0.0247,1
46.436,-2.845,-0.0172,1
46.378,-2.8678,-0.0269,1
46.32,-2.8906,0.0112,1
46.262,-2.9133,-0.0005,1
46.204,-2.936,-0.0224,1
44.867,-3.4478,-0.1177,1
44.809,-3.4696,-0.108,1
44.75,-3.4914,-0.1463,1
44.692,-3.5131,-0.0942,1
44.634,-3.5348,-0.062,1
44.576,-3.5565,-0.0725,1
44.518,-3.5781,-0.054,1
34.995,-6.7245,-0.045,1
34.937,-6.7419,-0.0994,1
34.878,-6.7593,-0.0526,1
34.82,-6.7767,-0.0524,1
34.761,-6.794,-0.0625,1
34.702,-6.8113,-0.0324,1
31.577,18.317,-0.0026,1
31.636,18.301,0.0211,1
31.695,18.284,0.0036,1
31.754,18.268,0.0056,1
31.812,18.251,-0.0085,1
31.871,18.235,-0.0086,1
33.221,17.851,-0.0194,1
33.28,17.834,-0.0523,1
33.338,17.818,-0.0355,1
33.397,17.801,-0.0255,1
33.456,17.784,-0.0001,1
33.514,17.767,-0.0171,1
33.573,17.75,-0.0164,1
34.863,17.372,0.0338,1
34.922,17.355,0.0623,1
34.98,17.337,0.0305,1
35.039,17.32,0.0503,1
35.098,17.302,0.0457,1
35.156,17.285,0.0181,1
35.215,17.268,-0.0028,1
36.504,16.878,0.0509,1
36.562,16.86,0.0499,1
36.621,16.842,0.0321,1
36.679,16.824,0.0532,1
36.738,16.806,0.0196,1
36.796,16.788,0.0146,1
36.855,16.77,0.002,1
43.106,14.701,0.0577,1
43.164,14.68,0.037,1
43.222,14.659,0.0846,1
43.28,14.639,0.0488,1
43.339,14.618,0.0685,1
43.397,14.597,0.0504,1
34.208,-7.6816,-0.0602,1
34.267,-7.6988,-0.048,1
34.326,-7.716,-0.0354,1
34.384,-7.7332,-0.0367,1
34.443,-7.7505,-0.0674,1
34.502,-7.7677,-0.0272,1
34.56,-7.785,-0.0444,1
37.036,25.686,0.1302,1
36.978,25.667,0.0782,1
36.919,25.649,0.384,1
36.802,25.613,0.0945,1
36.744,25.595,0.1101,1
36.685,25.577,0.1609,1
33.696,24.686,0.0581,1
33.638,24.669,0.0336,1
33.579,24.652,0.0363,1
33.52,24.635,0.0367,1
33.462,24.618,0.0019,1
33.403,24.601,0.0053,1
40.965,1.7085,0.0438,1
40.906,1.6887,-0.0521,1
40.848,1.6691,-0.0261,1
40.79,1.6494,-0.0059,1
40.731,1.6297,-0.0095,1
40.673,1.6101,-0.018,1
40.614,1.5905,-0.0347,1
39.329,1.1662,0.018,1
39.271,1.1472,0.0245,1
39.212,1.1282,0.0193,1
39.154,1.1093,0.0337,1
39.095,1.0903,0.0577,1
39.037,1.0714,0.0724,1
38.978,1.0526,0.0493,1
37.633,0.62488,0.0039,1
37.575,0.60656,0.0688,1
37.516,0.58826,0.0485,1
37.458,0.56998,0.0443,1
37.399,0.55173,0.0474,1
37.341,0.53349,0.0239,1
32.223,24.681,0.0763,1
32.282,24.665,-0.0192,1
32.341,24.648,0.0131,1
32.4,24.631,0.0095,1
32.458,24.615,0.0003,1
32.517,24.598,0.0047,1
33.867,24.21,0.0124,1
33.925,24.193,0.0332,1
33.984,24.176,0.012,1
34.042,24.159,0.0374,1
34.101,24.142,0.0573,1
34.16,24.125,0.0421,1
36.493,-1.8199,-0.0854,1
36.552,-1.8379,-0.0759,1
36.611,-1.8558,-0.0301,1
36.669,-1.8738,-0.0045,1
36.728,-1.8918,-0.0411,1
36.786,-1.9098,0.0316,1
44.726,-4.5922,0.0961,1
44.784,-4.614,0.0642,1
44.842,-4.6358,0.0312,1
44.9,-4.6576,0.0894,1
44.958,-4.6795,0.0605,1
45.017,-4.7014,0.0529,1
46.353,-5.2154,0.0485,1
46.412,-5.2382,0.0265,1
46.47,-5.261,0.0413,1
46.528,-5.2839,0.0506,1
46.586,-5.3068,0.0505,1
46.644,-5.3298,0.0459,1
47.978,-5.8694,-0.0979,1
46.252,35.419,0.0273,1
46.194,35.396,-0.0129,1
46.136,35.374,-0.0015,1
46.077,35.351,0.0172,1
46.019,35.329,0.0084,1
45.961,35.306,-0.0006,1
45.903,35.284,-0.0126,1
44.566,34.776,0.0867,1
44.507,34.755,0.0886,1
44.449,34.733,0.0823,1
44.391,34.711,0.11,1
44.333,34.69,0.1109,1
44.275,34.668,0.1734,1
42.935,34.183,0.0626,1
42.877,34.163,0.0816,1
42.819,34.142,0.0954,1
42.76,34.121,0.0813,1
42.702,34.101,0.0969,1
42.644,34.08,0.1189,1
36.391,32.033,0.1208,1
36.333,32.015,0.0991,1
36.274,31.997,0.1137,1
36.216,31.979,0.1142,1
36.157,31.961,0.0936,1
36.098,31.944,0.1111,1
36.04,31.926,0.1077,1
34.751,31.54,0.1014,1
34.692,31.523,0.0906,1
34.633,31.505,0.0902,1
34.575,31.488,0.0509,1
34.516,31.471,0.0949,1
34.458,31.454,0.0592,1
34.399,31.436,0.0568,1
33.109,31.062,0.0699,1
33.05,31.045,0.0842,1
32.991,31.028,0.0738,1
32.933,31.011,0.0716,1
32.874,30.995,0.0758,1
32.815,30.978,0.1068,1
32.756,30.961,0.0872,1
43.588,9.171,0.0107,1
43.529,9.15,-0.0244,1
43.471,9.1289,-0.0087,1
43.413,9.1079,-0.0188,1
43.355,9.087,-0.0148,1
43.296,9.066,-0.0176,1
40.321,8.038,-0.0324,1
40.263,8.0186,-0.0073,1
40.205,7.9992,0.0197,1
40.146,7.9798,0.026,1
40.088,7.9605,0.0313,1
40.029,7.9411,0.0099,1
38.685,7.5036,-0.0325,1
38.627,7.4848,0.0188,1
38.568,7.4661,-0.0024,1
38.51,7.4475,-0.0008,1
38.451,7.4288,0.0228,1
38.393,7.4102,0.0409,1
38.334,7.3915,0.022,1
32.871,31.043,0.1093,1
32.929,31.026,0.0887,1
32.988,31.009,0.1026,1
33.047,30.993,0.0094,1
33.105,30.976,0.0357,1
33.164,30.959,0.0777,1
34.513,30.567,0.035,1
34.572,30.549,0.0618,1
34.63,30.532,0.1052,1
34.689,30.515,0.0827,1
34.748,30.498,0.0915,1
34.806,30.48,0.0708,1
37.138,4.5268,0.004,1
37.197,4.5086,-0.0166,1
37.255,4.4904,-0.0039,1
37.314,4.4722,-0.0065,1
37.372,4.454,-0.0041,1
37.431,4.4358,-0.0449,1
38.776,4.0099,-0.0401,1
38.893,3.9723,-0.0549,1
39.01,3.9346,-0.0001,1
39.069,3.9157,0.0032,1
39.127,3.8968,0.0382,1
40.412,3.4743,-0.0072,1
40.471,3.4548,-0.0124,1
40.529,3.4353,-0.0016,1
40.588,3.4158,-0.0127,1
40.646,3.3962,0.0006,1
40.704,3.3766,0.0083,1
40.763,3.357,-0.0313,1
43.003,15.506,0.0326,1
42.944,15.486,0.0268,1
42.886,15.465,0.0594,1
42.828,15.444,0.0558,1
42.769,15.424,0.0535,1
42.711,15.403,0.0491,1
42.653,15.382,0.0303,1
39.676,14.37,-0.0537,1
39.618,14.351,-0.0527,1
39.56,14.332,0.0375,1
39.501,14.313,0.0523,1
39.443,14.294,0.0353,1
39.384,14.275,0.0821,1
36.4,13.334,-0.0124,1
36.342,13.317,-0.0034,1
36.283,13.299,0.016,1
36.225,13.281,0.0404,1
36.166,13.263,0.0658,1
36.108,13.245,0.0806,1
36.049,13.228,0.0986,1
34.76,12.842,-0.0237,1
34.701,12.824,-0.0044,1
34.643,12.807,-0.0285,1
34.584,12.79,0.0037,1
34.525,12.772,0.0052,1
34.467,12.755,0.024,1
34.408,12.738,0.0354,1
43.342,34.254,0.0893,1
43.401,34.233,0.066,1
43.459,34.212,0.0685,1
43.517,34.191,0.091,1
43.575,34.17,0.0746,1
43.634,34.148,0.0692,1
43.692,34.127,0.0548,1
32.919,12.327,0.0349,1
32.977,12.311,0.0058,1
33.036,12.294,0.0443,1
33.095,12.277,0.0021,1
33.153,12.26,0.0186,1
34.444,11.885,-0.0056,1
34.503,11.868,0.0056,1
34.561,11.851,-0.0209,1
34.62,11.833,0.0201,1
34.678,11.816,-0.0023,1
34.737,11.799,-0.0158,1
34.796,11.781,-0.0259,1
36.143,11.377,0.0234,1
36.202,11.36,0.0371,1
36.261,11.342,0.029,1
36.319,11.324,0.0217,1
36.378,11.306,0.0432,1
36.436,11.288,0.0261,1
37.783,10.871,0.0191,1
37.841,10.853,0.0382,1
37.9,10.834,0.0454,1
37.958,10.816,0.0191,1
38.017,10.797,-0.0023,1
38.075,10.779,-0.006,1
39.42,10.347,0.0081,1
39.479,10.328,0.0384,1
39.537,10.309,0.034,1
39.595,10.29,0.0139,1
39.654,10.271,-0.0023,1
39.712,10.251,-0.0026,1
41.056,9.8036,-0.04,1
41.114,9.7838,-0.0514,1
41.172,9.764,-0.062,1
41.231,9.7441,-0.0004,1
41.289,9.7242,-0.0034,1
41.347,9.7043,-0.018,1
41.406,9.6844,-0.0201,1
42.805,9.1973,0.1107,1
42.864,9.1766,0.0465,1
42.922,9.1559,0.038,1
42.98,9.1351,-0.0035,1
43.039,9.1144,-0.0155,1
37.395,20.187,-0.0059,1
37.337,20.168,-0.0311,1
37.278,20.15,-0.022,1
37.22,20.132,-0.0068,1
37.161,20.114,-0.0126,1
37.103,20.096,-0.0384,1
35.756,19.684,-0.0174,1
35.697,19.667,0.0125,1
35.638,19.649,-0.008,1
35.58,19.631,-0.023,1
35.521,19.614,0.0138,1
35.463,19.596,0.0029,1
34.114,19.197,0.027,1
34.056,19.18,0.0444,1
33.997,19.163,0.0576,1
33.939,19.146,0.0639,1
33.88,19.129,0.0766,1
33.821,19.112,0.0579,1
33.763,19.095,0.0509,1
32.472,18.724,0.1029,1
32.413,18.708,0.0715,1
32.354,18.691,0.0961,1
32.296,18.674,0.0393,1
32.237,18.658,0.0525,1
32.178,18.641,0.0299,1
32.12,18.625,-0.0288,1
46.271,-1.9749,-0.1707,1
46.213,-1.9976,-0.1841,1
46.155,-2.0202,-0.1751,1
46.097,-2.0429,-0.1738,1
46.039,-2.0655,-0.1424,1
45.981,-2.088,-0.1628,1
45.923,-2.1105,-0.115,1
44.643,-2.5965,0.0226,1
44.585,-2.6182,0.0194,1
44.527,-2.6399,0.0358,1
44.469,-2.6615,0.0394,1
44.411,-2.683,0.0415,1
44.352,-2.7046,0.0416,1
44.294,-2.7261,0.0794,1
31.805,19.189,-0.0275,1
31.863,19.172,-0.0118,1
31.922,19.156,-0.0272,1
31.981,19.139,-0.0431,1
32.04,19.123,-0.0438,1
32.098,19.106,-0.0115,1
32.157,19.089,-0.0113,1
33.448,18.721,0.0035,1
33.507,18.704,-0.0136,1
33.565,18.687,-0.0254,1
33.624,18.67,-0.0173,1
33.683,18.653,-0.0058,1
33.741,18.636,-0.0016,1
33.8,18.619,-0.0306,1
35.09,18.24,-0.0226,1
35.149,18.222,0.0115,1
35.207,18.205,-0.02,1
35.266,18.187,0.0298,1
35.324,18.17,0.0122,1
35.383,18.152,0.0606,1
35.442,18.135,0.0577,1
36.73,17.744,-0.031,1
36.789,17.726,-0.0593,1
36.847,17.708,-0.0372,1
36.906,17.69,-0.0426,1
36.964,17.671,-0.0427,1
37.023,17.653,-0.0416,1
37.082,17.635,-0.0413,1
38.427,17.213,0.001,1
38.486,17.194,0.009,1
38.544,17.175,0.0074,1
38.603,17.157,0.0075,1
38.661,17.138,0.0043,1
38.72,17.119,0.0095,1
43.331,15.555,0.052,1
43.389,15.534,0.0305,1
43.447,15.513,0,1
43.506,15.492,0.0514,1
43.564,15.471,-0.0046,1
43.622,15.45,0.0324,1
43.68,15.429,0.0482,1
34.435,-6.8133,-0.0269,1
34.494,-6.8306,-0.0066,1
34.553,-6.8478,-0.0036,1
34.611,-6.8651,0.0343,1
34.67,-6.8824,0.0457,1
34.729,-6.8997,0.0123,1
34.787,-6.9171,-0.0294,1
36.076,-7.3033,0.0224,1
36.135,-7.3211,0.0436,1
36.193,-7.3389,0.0473,1
36.252,-7.3567,0.029,1
36.311,-7.3745,0.0259,1
36.369,-7.3924,0.0196,1
36.428,-7.4103,0.0055,1
43.352,28.722,0.0628,1
43.294,28.701,0.0501,1
43.235,28.68,0.0661,1
43.177,28.659,0.0683,1
43.119,28.639,0.0849,1
43.061,28.618,0.1184,1
43.002,28.597,0.0873,1
36.751,26.533,0.0578,1
36.693,26.515,0.0443,1
36.634,26.497,0.0374,1
36.576,26.479,0.0285,1
36.517,26.461,0.1706,1
36.459,26.443,0.0822,1
33.469,25.555,-0.0053,1
33.411,25.538,-0.0176,1
33.352,25.521,-0.0508,1
33.293,25.505,-0.0537,1
33.235,25.488,-0.0552,1
33.176,25.471,-0.0094,1
40.739,2.5675,-0.0558,1
40.68,2.5479,-0.0373,1
40.622,2.5283,-0.042,1
40.564,2.5087,-0.0465,1
40.505,2.4892,-0.024,1
40.447,2.4697,-0.0476,1
40.388,2.4502,-0.0526,1
39.103,2.028,-0.0253,1
39.045,2.0091,-0.0575,1
38.986,1.9902,-0.0264,1
38.928,1.9713,-0.0246,1
38.869,1.9525,0.0374,1
38.811,1.9337,0.0529,1
38.752,1.9149,0.0543,1
37.465,1.5075,0.0791,1
37.407,1.4893,0.018,1
37.348,1.471,0.0231,1
37.29,1.4528,-0.0128,1
37.231,1.4346,-0.0198,1
37.173,1.4165,-0.0293,1
37.114,1.3983,-0.0199,1
31.748,25.75,0.0261,1
31.806,25.733,-0.0124,1
31.865,25.717,-0.0713,1
31.924,25.7,-0.0455,1
31.983,25.684,-0.058,1
32.041,25.667,-0.0697,1
32.1,25.651,-0.0626,1
32.159,25.634,-0.0246,1
32.217,25.618,-0.052,1
32.276,25.601,-0.0918,1
32.335,25.585,-0.0981,1
32.393,25.568,-0.0759,1
32.452,25.551,-0.0662,1
32.511,25.535,-0.0829,1
32.57,25.518,-0.0351,1
32.628,25.501,-0.0085,1
32.687,25.485,-0.0258,1
32.746,25.468,-0.0145,1
32.804,25.451,-0.0221,1
32.863,25.434,0.0189,1
32.922,25.418,-0.0075,1
32.98,25.401,-0.0065,1
33.039,25.384,-0.0071,1
33.098,25.367,0.0025,1
33.156,25.35,-0.0265,1
33.215,25.333,-0.0037,1
33.274,25.316,-0.0183,1
33.332,25.3,-0.0377,1
33.391,25.283,-0.0405,1
33.45,25.266,-0.0161,1
33.508,25.249,-0.0119,1
33.567,25.232,-0.0339,1
33.626,25.215,-0.0281,1
33.684,25.198,0.033,1
33.743,25.181,0.009,1
33.802,25.164,0.0271,1
33.86,25.147,0.0271,1
33.919,25.13,0.0333,1
33.978,25.113,0.0343,1
34.036,25.096,0.0298,1
34.095,25.078,0.0336,1
34.154,25.061,-0.0088,1
34.212,25.044,0.0199,1
34.271,25.027,0.0275,1
34.33,25.01,0.0037,1
34.388,24.993,-0.0295,1
34.447,24.975,-0.0231,1
34.505,24.958,-0.0058,1
34.564,24.941,-0.0018,1
34.623,24.924,0.0281,1
34.681,24.906,-0.0085,1
34.74,24.889,0.0283,1
34.799,24.872,-0.0013,1
34.857,24.854,0.0258,1
34.916,24.837,0.0044,1
35.56,24.644,0.0037,1
35.619,24.627,0.0528,1
35.678,24.609,0.0452,1
35.736,24.592,0.0545,1
35.795,24.574,0.0291,1
35.853,24.556,0.0706,1
35.912,24.539,0.078,1
35.971,24.521,0.056,1
36.029,24.503,0.0731,1
36.088,24.485,0.0799,1
36.146,24.468,0.0865,1
36.205,24.45,0.0821,1
36.263,24.432,0.0864,1
36.322,24.414,0.0519,1
36.381,24.396,0.0179,1
36.439,24.378,0.0253,1
36.498,24.36,0.0379,1
36.556,24.342,0.0044,1
36.615,24.324,0.0571,1
36.791,24.271,0.0895,1
36.849,24.252,0.0424,1
36.908,24.234,0.08,1
36.966,24.216,0.0441,1
37.025,24.198,0.0333,1
37.083,24.18,-0.0083,1
37.142,24.162,0.0017,1
37.2,24.144,0.0337,1
37.259,24.126,0.0719,1
37.317,24.107,0.0501,1
37.376,24.089,0.0223,1
37.434,24.071,0.0089,1
37.493,24.053,0.0614,1
37.551,24.034,0.0305,1
37.61,24.016,0.1021,1
38.838,23.626,0.3311,1
38.897,23.608,0.1101,1
39.072,23.551,0.1013,1
39.306,23.475,0.0724,1
39.364,23.456,0.0514,1
39.423,23.437,0.0357,1
39.481,23.418,0.0646,1
39.54,23.399,0.0918,1
39.598,23.38,0.0473,1
39.657,23.361,0.072,1
39.715,23.342,0.045,1
39.774,23.322,0.0466,1
39.832,23.303,0.0206,1
39.89,23.284,0.0188,1
39.949,23.265,-0.0028,1
40.007,23.245,0.0191,1
40.066,23.226,0.0499,1
40.124,23.207,0.0773,1
40.182,23.187,0.0542,1
35.843,-0.68756,-0.0639,1
35.96,-0.72298,0.0679,1
36.019,-0.74073,0.0402,1
36.077,-0.75849,0.0464,1
36.136,-0.77627,0.0764,1
36.194,-0.79407,0.0484,1
36.253,-0.81189,0.0372,1
36.312,-0.82974,-0.003,1
36.37,-0.8476,0.0019,1
36.429,-0.86549,-0.0265,1
36.487,-0.88339,0.0117,1
36.546,-0.90131,-0.0313,1
36.604,-0.91926,-0.0315,1
36.663,-0.93723,-0.0004,1
36.721,-0.95521,-0.0286,1
36.78,-0.97322,-0.0371,1
36.839,-0.99125,-0.0258,1
36.897,-1.0093,-0.0289,1
36.956,-1.0274,0.025,1
37.014,-1.0455,-0.0046,1
37.073,-1.0636,-0.0307,1
37.131,-1.0817,-0.0133,1
37.19,-1.0999,0.0007,1
37.248,-1.1181,0.0085,1
37.307,-1.1363,-0.0237,1
37.365,-1.1545,0.0241,1
37.424,-1.1727,0.0223,1
37.482,-1.191,0.0254,1
43.439,-3.1853,0.0494,1
43.497,-3.2063,0.0424,1
43.555,-3.2273,0.043,1
43.613,-3.2484,0.0322,1
43.672,-3.2695,0.0058,1
43.73,-3.2907,0.0161,1
43.788,-3.3119,0.0135,1
43.846,-3.3331,0.0246,1
43.905,-3.3543,-0.0113,1
43.963,-3.3756,0.0231,1
44.021,-3.3969,0.0211,1
44.079,-3.4183,-0.0086,1
44.138,-3.4396,0.0135,1
44.196,-3.4611,0.0352,1
44.254,-3.4825,0.0025,1
44.312,-3.504,0.003,1
44.37,-3.5255,-0.0278,1
44.429,-3.5471,-0.0114,1
44.487,-3.5686,-0.0163,1
44.545,-3.5903,-0.0865,1
44.603,-3.6119,-0.0423,1
44.661,-3.6336,-0.0383,1
44.72,-3.6553,-0.0458,1
44.778,-3.6771,-0.0471,1
44.836,-3.6989,-0.0489,1
44.894,-3.7207,-0.0189,1
44.952,-3.7426,-0.0787,1
45.01,-3.7645,-0.0427,1
45.069,-3.7864,-0.0179,1
45.127,-3.8084,0.01,1
45.185,-3.8304,-0.0094,1
45.243,-3.8524,0.005,1
45.301,-3.8745,0.0128,1
45.359,-3.8966,0.0254,1
45.417,-3.9188,0.0122,1
45.476,-3.941,0.011,1
45.534,-3.9632,0.0069,1
45.592,-3.9855,-0.0314,1
45.65,-4.0078,0.014,1
45.708,-4.0301,-0.0559,1
45.766,-4.0525,0.0261,1
45.824,-4.0749,0.0379,1
45.882,-4.0974,-0.0055,1
45.941,-4.1199,-0.0127,1
45.999,-4.1424,0.0186,1
46.057,-4.165,0.003,1
46.115,-4.1876,0.0269,1
46.173,-4.2102,0.0325,1
46.231,-4.2329,0.0319,1
46.289,-4.2556,0.0519,1
46.347,-4.2784,0.0412,1
46.405,-4.3012,0.0173,1
46.463,-4.324,0.0295,1
46.521,-4.3469,0.0239,1
46.58,-4.3699,0.0213,1
46.638,-4.3928,0.0167,1
46.696,-4.4158,0.028,1
46.754,-4.4389,0.0176,1
46.812,-4.4619,0.0562,1
46.87,-4.4851,-0.0132,1
46.928,-4.5082,0.0456,1
46.986,-4.5314,0.0772,1
47.044,-4.5547,0.0311,1
47.102,-4.578,0.0211,1
47.16,-4.6013,0.0198,1
47.218,-4.6247,0.0079,1
47.276,-4.6481,0.0333,1
47.334,-4.6715,0.0162,1
47.392,-4.695,0.0035,1
47.45,-4.7186,0.047,1
47.508,-4.7422,0.036,1
47.566,-4.7658,0.0136,1
47.624,-4.7895,0.0062,1
47.682,-4.8132,0.0225,1
47.74,-4.8369,-0.0562,1
47.798,-4.8607,-0.0071,1
47.856,-4.8846,0.0146,1
47.914,-4.9085,-0.0819,1
47.972,-4.9324,0.0149,1
46.664,36.517,-0.0028,1
46.606,36.494,-0.0488,1
46.548,36.471,-0.0236,1
46.49,36.448,0.0386,1
46.432,36.425,0.0207,1
46.374,36.402,0.024,1
46.316,36.38,0.0258,1
46.257,36.357,-0.0227,1
46.199,36.334,-0.0327,1
46.141,36.311,-0.0541,1
46.083,36.289,-0.0912,1
46.025,36.266,-0.046,1
45.967,36.244,-0.0583,1
45.909,36.221,-0.0697,1
45.851,36.199,-0.0805,1
45.793,36.176,-0.091,1
45.735,36.154,-0.0908,1
45.676,36.132,-0.0986,1
45.618,36.109,-0.0902,1
45.56,36.087,-0.1101,1
45.502,36.065,-0.0971,1
45.444,36.042,-0.162,1
44.921,35.844,0.0597,1
44.862,35.822,0.0578,1
44.804,35.801,0.1017,1
44.746,35.779,0.1065,1
44.688,35.757,0.1341,1
44.63,35.735,0.1019,1
44.571,35.714,0.0901,1
44.513,35.692,0.1405,1
44.455,35.671,0.1123,1
44.397,35.649,0.1084,1
44.339,35.627,0.1092,1
44.28,35.606,0.0555,1
44.222,35.584,0.0874,1
44.164,35.563,0.1443,1
44.106,35.542,0.1343,1
44.048,35.52,0.1386,1
43.989,35.499,0.1797,1
43.931,35.478,0.1313,1
43.873,35.456,0.0961,1
43.815,35.435,0.1148,1
43.756,35.414,0.1036,1
43.698,35.393,0.1127,1
43.64,35.372,0.1103,1
43.582,35.351,0.0831,1
43.524,35.33,0.0709,1
43.465,35.309,0.0703,1
43.407,35.288,0.0716,1
43.349,35.267,0.1192,1
43.291,35.246,0.0699,1
43.232,35.225,0.0356,1
43.174,35.204,0.0385,1
43.116,35.183,0.0904,1
43.057,35.162,0.0616,1
42.999,35.141,0.0725,1
42.941,35.121,0.0776,1
42.883,35.1,0.0804,1
42.824,35.079,0.0965,1
42.766,35.059,0.1025,1
42.708,35.038,0.0966,1
42.65,35.017,0.1102,1
42.591,34.997,0.1218,1
42.533,34.976,0.1268,1
42.475,34.956,0.1263,1
42.416,34.935,0.166,1
42.358,34.915,0.12,1
42.3,34.895,0.144,1
42.241,34.874,0.1291,1
42.183,34.854,0.0936,1
42.125,34.834,0.0935,1
42.066,34.813,0.13,1
35.929,32.827,-0.015,1
35.87,32.81,-0.1721,1
35.811,32.792,0.0081,1
35.753,32.774,0.0348,1
35.636,32.739,0.0389,1
35.577,32.721,0.0452,1
35.518,32.704,0.0134,1
35.46,32.686,0.0512,1
35.401,32.669,0.025,1
35.343,32.651,0.0431,1
35.284,32.634,0.0531,1
34.522,32.408,0.044,1
34.463,32.39,0.0345,1
34.405,32.373,0.0564,1
34.346,32.356,0.0941,1
34.288,32.339,0.0926,1
34.229,32.322,0.0745,1
34.17,32.304,0.0617,1
34.112,32.287,0.0351,1
34.053,32.27,0.038,1
33.994,32.253,0.0431,1
33.936,32.236,0.0305,1
33.877,32.219,-0.0031,1
33.818,32.202,0.0354,1
33.76,32.185,0.0387,1
33.701,32.168,0.0427,1
33.642,32.151,0.0084,1
33.584,32.134,0.0541,1
33.525,32.117,0.0308,1
33.466,32.1,0.1013,1
33.408,32.083,0.0491,1
33.349,32.066,0.0454,1
33.29,32.049,0.0406,1
33.232,32.032,0.0562,1
33.173,32.015,0.0567,1
33.114,31.999,0.0103,1
33.056,31.982,0.0582,1
32.997,31.965,0.0595,1
32.938,31.948,0.1041,1
32.88,31.931,0.0885,1
32.821,31.915,0.135,1
32.762,31.898,0.1381,1
32.704,31.881,0.1435,1
32.645,31.864,0.1314,1
32.586,31.848,0.1325,1
32.528,31.831,0.1145,1
32.469,31.814,0.0778,1
32.41,31.798,0.1061,1
32.352,31.781,0.0912,1
32.293,31.764,0.0672,1
32.234,31.748,0.0654,1
32.175,31.731,0.0571,1
32.117,31.715,0.0607,1
32.058,31.698,0.0452,1
31.999,31.682,0.062,1
31.941,31.665,0.065,1
31.882,31.649,0.0441,1
31.823,31.632,0.0103,1
31.764,31.616,0.042,1
31.706,31.599,0.0546,1
31.647,31.583,0.0524,1
31.588,31.566,0.0717,1
43.826,10.193,0.0783,1
43.768,10.172,0.0818,1
43.71,10.151,0.1475,1
43.593,10.108,0.0651,1
43.535,10.087,0.0348,1
43.477,10.066,0.0722,1
43.419,10.045,0.0419,1
43.36,10.024,-0.0032,1
43.302,10.003,-0.0146,1
43.244,9.9825,0.0206,1
43.185,9.9616,0.004,1
43.127,9.9408,0.0142,1
43.069,9.92,-0.0323,1
43.011,9.8992,-0.0137,1
42.952,9.8784,0.0255,1
42.894,9.8577,0.0312,1
42.836,9.837,0.0206,1
42.778,9.8164,0.0307,1
42.719,9.7957,0.0273,1
42.661,9.7751,0.0203,1
42.603,9.7546,0.0159,1
42.544,9.734,0.0075,1
42.486,9.7135,-0.0192,1
42.428,9.6931,0.0009,1
42.37,9.6726,-0.0423,1
42.311,9.6522,-0.0182,1
42.253,9.6318,0.0236,1
42.195,9.6115,-0.0107,1
42.136,9.5911,0.0814,1
42.078,9.5708,0.0091,1
42.02,9.5506,0.0818,1
41.961,9.5303,0.0668,1
41.903,9.5101,0.0472,1
41.845,9.49,0.0256,1
41.786,9.4698,0.0778,1
41.728,9.4497,0.1699,1
41.67,9.4296,0.1249,1
41.611,9.4095,0.094,1
41.553,9.3895,0.0751,1
41.495,9.3695,0.0397,1
41.436,9.3495,0.0446,1
41.378,9.3296,0.0365,1
41.32,9.3097,-0.035,1
41.261,9.2898,0.0166,1
38.983,8.5347,0.3112,1
38.925,8.5159,-0.0057,1
38.866,8.497,0.0162,1
38.808,8.4782,0.0452,1
38.749,8.4594,-0.0471,1
38.691,8.4407,0.024,1
38.632,8.422,0.0556,1
38.515,8.3846,0.0001,1
38.457,8.3659,0.0008,1
38.398,8.3473,-0.0311,1
38.34,8.3286,-0.0771,1
38.282,8.31,-0.0367,1
38.223,8.2915,-0.0283,1
38.165,8.2729,-0.0054,1
38.106,8.2544,-0.0156,1
38.048,8.2359,0.0185,1
37.989,8.2174,0.0238,1
37.931,8.199,0.0234,1
37.872,8.1805,0.0248,1
37.814,8.1621,0.0466,1
37.755,8.1437,0.0406,1
37.697,8.1253,0.0558,1
37.638,8.107,0.07,1
37.579,8.0887,0.0688,1
37.521,8.0704,0.0483,1
37.462,8.0521,0.0334,1
37.404,8.0338,0.0667,1
37.345,8.0156,0.101,1
37.287,7.9974,0.028,1
37.228,7.9792,0.0089,1
37.17,7.961,0.0027,1
37.111,7.9429,0.0367,1
37.053,7.9248,0.0341,1
36.994,7.9067,0.0141,1
36.936,7.8886,-0.0077,1
36.877,7.8705,0.1045,1
31.281,32.426,0.0513,1
31.34,32.41,0.0488,1
31.398,32.393,0.0554,1
31.457,32.377,0.081,1
31.516,32.36,0.0455,1
31.575,32.344,0.0146,1
31.633,32.328,0.0364,1
31.692,32.311,0.0301,1
31.751,32.295,0.0398,1
31.809,32.278,0.0211,1
31.868,32.262,0.0259,1
31.927,32.245,0.0297,1
31.986,32.229,0.0419,1
32.044,32.212,0.0621,1
32.103,32.196,0.0834,1
32.162,32.179,0.0809,1
32.22,32.162,0.0377,1
32.279,32.146,0.0654,1
32.338,32.129,0.0856,1
32.397,32.113,0.0883,1
32.455,32.096,0.0927,1
32.514,32.079,0.1367,1
32.573,32.063,0.1355,1
32.631,32.046,0.1532,1
32.69,32.029,0.1297,1
32.749,32.012,0.1417,1
32.807,31.996,0.1387,1
32.866,31.979,0.1362,1
32.925,31.962,0.1578,1
32.983,31.945,0.1069,1
33.042,31.929,0.041,1
33.101,31.912,0.0701,1
33.218,31.878,0.0129,1
33.277,31.861,-0.0052,1
33.336,31.844,0.0467,1
33.394,31.827,-0.0151,1
33.453,31.81,0.0163,1
33.512,31.794,0.0315,1
33.57,31.777,0.0186,1
33.629,31.76,0.0187,1
33.687,31.743,0.0098,1
33.746,31.726,0.0208,1
33.805,31.709,-0.0081,1
33.863,31.691,-0.0012,1
33.922,31.674,0.0002,1
33.981,31.657,-0.0014,1
34.039,31.64,-0.0117,1
34.098,31.623,0.009,1
34.157,31.606,-0.0061,1
34.215,31.589,-0.0433,1
34.274,31.572,0.0005,1
34.333,31.554,0.0045,1
34.391,31.537,0.0062,1
34.45,31.52,0.0327,1
34.509,31.503,0.0586,1
34.567,31.485,0.0354,1
34.626,31.468,0.0516,1
34.684,31.451,0.0322,1
34.743,31.434,0.046,1
34.802,31.416,0.0591,1
34.86,31.399,0.0556,1
34.919,31.382,0.0589,1
34.978,31.364,0.0842,1
35.036,31.347,0.0494,1
35.095,31.329,0.0515,1
35.153,31.312,0.0519,1
35.212,31.294,0.0277,1
35.271,31.277,0.0292,1
35.329,31.259,0.0581,1
35.388,31.242,0.0324,1
35.446,31.224,0.0072,1
35.505,31.207,0.046,1
35.564,31.189,0.0417,1
35.622,31.172,0.037,1
35.681,31.154,0.0252,1
35.739,31.136,0.0357,1
35.798,31.119,0.0209,1
35.857,31.101,0.0089,1
35.915,31.083,0.0085,1
35.974,31.065,-0.0232,1
36.032,31.048,0.0015,1
36.091,31.03,0.0224,1
36.149,31.012,0.095,1
36.325,30.959,0.1114,1
36.384,30.941,0.0639,1
36.442,30.923,0.0989,1
36.501,30.905,0.071,1
36.559,30.887,0.0073,1
36.618,30.869,0.0386,1
36.676,30.851,0.0429,1
41.353,29.339,0.064,1
41.412,29.319,0.0595,1
41.47,29.299,0.0671,1
41.528,29.279,0.0939,1
41.587,29.259,0.0537,1
41.645,29.239,0.0377,1
41.703,29.219,0.0412,1
41.762,29.199,0.03,1
41.82,29.179,0.0677,1
41.878,29.159,0.0502,1
41.937,29.138,0.056,1
41.995,29.118,0.0436,1
42.053,29.098,0.062,1
42.112,29.078,0.0891,1
42.17,29.057,0.0896,1
42.228,29.037,0.086,1
42.287,29.017,0.0947,1
42.345,28.996,0.1033,1
42.403,28.976,0.0912,1
42.462,28.955,0.1353,1
42.52,28.935,0.1516,1
42.578,28.914,0.1685,1
42.636,28.894,0.1933,1
42.695,28.873,0.1998,1
42.753,28.853,0.1978,1
42.811,28.832,0.2025,1
42.87,28.811,0.1842,1
42.928,28.791,0.1868,1
42.986,28.77,0.1914,1
43.044,28.749,0.2075,1
43.103,28.728,0.1096,1
43.161,28.707,0.0882,1
43.219,28.687,0.0498,1
43.277,28.666,0.055,1
43.336,28.645,0.0634,1
43.394,28.624,0.0567,1
36.841,5.5533,0.0046,1
36.899,5.5352,0.026,1
36.958,5.5172,0.1094,1
37.016,5.4991,0.0789,1
37.075,5.481,0.0979,1
37.133,5.4628,0.0688,1
37.192,5.4447,0.038,1
37.25,5.4265,0.056,1
37.309,5.4083,0.0371,1
37.368,5.3901,-0.0555,1
37.426,5.3718,-0.0339,1
37.485,5.3535,-0.0257,1
37.543,5.3353,-0.01,1
37.602,5.317,0.0149,1
37.66,5.2986,0.0038,1
37.719,5.2803,-0.0551,1
37.777,5.2619,-0.0485,1
37.836,5.2435,-0.0618,1
37.894,5.2251,-0.0645,1
37.953,5.2066,-0.0823,1
38.011,5.1882,-0.0801,1
38.07,5.1697,-0.0911,1
38.128,5.1511,-0.1054,1
38.187,5.1326,-0.0697,1
38.245,5.1141,-0.1027,1
38.304,5.0955,-0.0794,1
38.362,5.0769,-0.0925,1
38.421,5.0582,-0.0815,1
38.479,5.0396,-0.0635,1
38.538,5.0209,-0.0737,1
38.596,5.0022,-0.0668,1
38.655,4.9835,-0.0361,1
38.713,4.9648,-0.0421,1
38.772,4.946,-0.0363,1
38.83,4.9272,-0.0125,1
38.888,4.9084,-0.0542,1
38.947,4.8895,-0.0277,1
39.005,4.8707,-0.0187,1
39.064,4.8518,-0.0466,1
39.122,4.8329,-0.0285,1
39.181,4.8139,-0.043,1
39.239,4.795,-0.0403,1
39.298,4.776,-0.0251,1
39.356,4.757,-0.0363,1
39.415,4.7379,-0.0286,1
39.473,4.7189,-0.0387,1
39.531,4.6998,-0.0422,1
39.648,4.6615,-0.0107,1
39.707,4.6424,-0.0946,1
39.824,4.604,-0.043,1
39.882,4.5848,0.0061,1
40.057,4.5269,-0.0173,1
40.116,4.5075,-0.0133,1
40.174,4.4882,-0.013,1
40.233,4.4688,-0.0621,1
40.291,4.4494,-0.0269,1
40.349,4.4299,0.0039,1
40.408,4.4105,-0.0137,1
40.466,4.391,0.0036,1
40.525,4.3714,-0.0073,1
40.583,4.3519,-0.0665,1
40.641,4.3323,-0.2353,1
40.758,4.2931,-0.0593,1
40.817,4.2734,-0.0675,1
40.875,4.2537,-0.0548,1
40.933,4.234,-0.0094,1
41.05,4.1945,-0.0577,1
41.108,4.1747,-0.0019,1
41.167,4.1549,-0.0393,1
41.225,4.1351,-0.0418,1
41.284,4.1152,-0.0659,1
41.342,4.0953,-0.0214,1
41.4,4.0754,-0.0018,1
41.459,4.0554,-0.1158,1
41.517,4.0354,-0.0343,1
41.575,4.0154,-0.0446,1
41.634,3.9953,-0.0269,1
41.692,3.9753,-0.032,1
41.75,3.9552,-0.0267,1
41.809,3.935,-0.0116,1
41.867,3.9149,-0.0043,1
41.925,3.8947,-0.0128,1
41.984,3.8745,-0.0387,1
42.042,3.8542,-0.0277,1
42.1,3.8339,-0.0008,1
42.159,3.8136,0.0317,1
42.217,3.7933,0.0154,1
42.275,3.7729,0.0297,1
42.334,3.7525,0.0598,1
42.392,3.7321,0.0139,1
42.45,3.7116,-0.0076,1
42.508,3.6911,-0.012,1
42.567,3.6706,0.0098,1
42.625,3.6501,0.0117,1
42.683,3.6295,0.0028,1
42.742,3.6089,-0.0032,1
42.8,3.5883,0.0675,1
42.858,3.5676,0.0544,1
42.917,3.5469,0.0397,1
42.975,3.5262,0.0331,1
43.033,3.5054,0.0379,1
43.091,3.4846,0.0425,1
43.15,3.4638,0.0418,1
43.065,16.464,0.0368,1
43.007,16.443,0.0782,1
42.949,16.422,0.0738,1
42.89,16.402,0.0888,1
42.832,16.381,0.0499,1
42.774,16.36,0.0353,1
42.716,16.34,0.0703,1
42.657,16.319,0.0786,1
42.599,16.298,0.0949,1
42.541,16.278,0.0913,1
42.482,16.257,0.0873,1
42.424,16.237,0.0963,1
42.366,16.217,0.0403,1
42.307,16.196,0.0727,1
42.249,16.176,0.0964,1
42.191,16.155,0.0442,1
42.132,16.135,0.0471,1
42.074,16.115,0.0841,1
42.016,16.095,0.0519,1
39.914,15.384,0.0946,1
39.856,15.364,0.0591,1
39.681,15.307,0.0038,1
39.622,15.288,0.0216,1
39.564,15.269,0.0008,1
39.505,15.25,0.0192,1
39.447,15.23,-0.0003,1
39.389,15.211,-0.0566,1
39.33,15.192,0.0147,1
39.272,15.173,-0.0054,1
39.213,15.154,-0.0013,1
39.155,15.135,-0.0421,1
39.096,15.117,-0.0113,1
39.038,15.098,0.0096,1
38.979,15.079,-0.0067,1
38.921,15.06,-0.0019,1
38.862,15.041,0.0215,1
38.804,15.022,0.0203,1
38.746,15.004,0.025,1
38.687,14.985,0.0367,1
38.629,14.966,0.0305,1
38.57,14.947,0.0005,1
38.395,14.891,0.0359,1
38.336,14.873,0.0817,1
38.278,14.854,0.0571,1
36.815,14.397,-0.1351,1
36.756,14.379,0.1011,1
36.698,14.361,0.0448,1
36.639,14.343,0.0687,1
36.581,14.325,0.0414,1
36.522,14.307,0.0338,1
36.463,14.289,0.0505,1
36.405,14.271,0.0394,1
36.346,14.253,0.0421,1
36.288,14.235,0.0303,1
36.229,14.217,0.0086,1
36.171,14.2,-0.0273,1
36.112,14.182,-0.0427,1
36.053,14.164,0.0306,1
35.995,14.146,0.0052,1
35.936,14.128,0.0239,1
35.878,14.111,0.0136,1
35.819,14.093,0.0069,1
35.761,14.075,0.0056,1
35.702,14.058,-0.0251,1
35.643,14.04,-0.0333,1
35.585,14.023,-0.003,1
35.526,14.005,0.0131,1
35.468,13.987,0.0048,1
35.409,13.97,0.0045,1
35.35,13.952,-0.0204,1
